(0, b'widow_mount', 4, -1, -1, 0, 0.0, 0.0, 0.0, -1.0, 0.0, 0.0, b'wx250s/base_link', (0.0, 0.0, 0.0), (0.03, 0.0, 0.057), (0.0, 0.0, -0.7071067811865475, 0.7071067811865476), -1)
(1, b'widow_waist', 0, 7, 6, 1, 0.0, 0.0, 0.0, -1.0, 10.0, 3.141592653589793, b'wx250s/shoulder_link', (0.0, 0.0, 1.0), (-0.0006138919999999915, -0.0380446, 0.05266459999999999), (0.0, 0.0, 0.0, 1.0), 0)
(2, b'widow_shoulder', 0, 8, 7, 1, 0.0, 0.0, -1.8849555921538759, 1.9896753472735358, 20.0, 3.141592653589793, b'wx250s/upper_arm_link', (1.0, 2.220446049250313e-16, 0.0), (-4.146090000000001e-05, 2.234819999999999e-05, 0.032021299999999996), (0.0, 0.0, 0.0, 1.0), 1)
(3, b'widow_elbow', 0, 9, 8, 1, 0.0, 0.0, -2.1467549799530254, 1.6057029118347832, 15.0, 3.141592653589793, b'wx250s/upper_forearm_link', (0.0, 1.0, 0.0), (-2.724999999927636e-07, -0.03258950000000001, 0.05867700000000001), (0.0, 0.0, 0.7071067811865475, 0.7071067811865476), 2)
(4, b'widow_forearm_roll', 0, 10, 9, 1, 0.0, 0.0, -3.141582653589793, 3.141582653589793, 2.0, 3.141592653589793, b'wx250s/lower_forearm_link', (1.0, 0.0, 0.0), (0.06703699999999999, -0.000115876, 0.0), (1.0, 0.0, 0.0, -6.123233995736766e-17), 3)
(5, b'widow_wrist_angle', 0, 11, 10, 1, 0.0, 0.0, -1.7453292519943295, 2.1467549799530254, 5.0, 3.141592653589793, b'wx250s/wrist_link', (1.0, 2.220446049250313e-16, 0.0), (0.0375605, 0.00522252, 6.395742401483035e-19), (0.7071067811865476, -0.7071067811865475, -4.329780281177466e-17, 4.329780281177467e-17), 4)
(6, b'widow_wrist_rotate', 0, 12, 11, 1, 0.0, 0.0, -3.141582653589793, 3.141582653589793, 1.0, 3.141592653589793, b'wx250s/gripper_link', (2.220446049250313e-16, -1.0, 0.0), (1.0663000000005027e-05, -0.02264, -0.010577), (0.0, 0.0, 0.0, 1.0), 5)
(7, b'ee_arm', 4, -1, -1, 0, 0.0, 0.0, 0.0, -1.0, 0.0, 0.0, b'wx250s/ee_arm_link', (0.0, 0.0, 0.0), (-2.5159999999525514e-07, -0.021368999999999996, -0.01141), (0.0, 0.0, 0.7071067811865475, 0.7071067811865476), 6)
(8, b'gripper', 4, -1, -1, 0, 0.0, 0.0, 0.0, -1.0, 1.0, 3.141592653589793, b'wx250s/gripper_prop_link', (0.0, 0.0, 0.0), (0.0055, 0.0, 0.0), (0.0, 0.0, -0.7071067811865475, 0.7071067811865476), 7)
(9, b'gripper_bar', 4, -1, -1, 0, 0.0, 0.0, 0.0, -1.0, 0.0, 0.0, b'wx250s/gripper_bar_link', (0.0, 0.0, 0.0), (0.0, 0.0, 0.0), (0.0, 0.0, -0.7071067811865475, 0.7071067811865476), 7)
(10, b'ee_bar', 4, -1, -1, 0, 0.0, 0.0, 0.0, -1.0, 0.0, 0.0, b'wx250s/fingers_link', (0.0, 0.0, 0.0), (-8.17699999997044e-07, -0.013313, -0.004962), (0.0, 0.0, 0.7071067811865475, 0.7071067811865476), 9)
(11, b'widow_left_finger', 1, 13, 12, 1, 0.0, 1000.0, 0.015, 0.037, 5.0, 1.0, b'wx250s/left_finger_link', (-1.0, -2.220446049250313e-16, -1.2246467991473535e-16), (0.0, 0.0, 0.0), (-1.7431527984210495e-32, -8.659560562354932e-17, 0.7071067811865476, 0.7071067811865475), 10)
(12, b'widow_right_finger', 1, 14, 13, 1, 0.0, 1000.0, -0.037, -0.015, 5.0, 1.0, b'wx250s/right_finger_link', (-1.0, 2.220446049250313e-16, 1.2246467991473532e-16), (0.0, 0.0, 0.0), (-0.7071067811865475, 0.7071067811865476, 4.329780281177466e-17, -4.329780281177467e-17), 10)
(13, b'ee_gripper', 4, -1, -1, 0, 0.0, 0.0, 0.0, -1.0, 0.0, 0.0, b'wx250s/ee_gripper_link', (0.0, 0.0, 0.0), (0.027575, 0.0, 0.0), (0.0, 0.0, 0.0, 1.0), 10)
(14, b'floating_base', 4, -1, -1, 0, 0.0, 0.0, 0.0, -1.0, 0.0, 0.0, b'trunk', (0.0, 0.0, 0.0), (0.0, 0.0, 0.0), (0.0, 0.0, 0.0, 1.0), -1)
(15, b'imu_joint', 4, -1, -1, 0, 0.0, 0.0, 0.0, -1.0, 0.0, 0.0, b'imu_link', (0.0, 0.0, 0.0), (-0.038220000000000004, -0.06859, -0.00567), (0.0, 0.0, 0.0, 1.0), 14)
(16, b'FR_hip_joint', 0, 15, 14, 1, 0.0, 0.0, -1.0471975512, 1.0471975512, 23.7, 30.1, b'FR_hip', (1.0, 0.0, 0.0), (0.1658, -0.04875, 0.0005), (0.0, 0.0, 0.0, 1.0), 14)
(17, b'FR_hip_fixed', 4, -1, -1, 0, 0.0, 0.0, 0.0, -1.0, 0.0, 0.0, b'FR_thigh_shoulder', (0.0, 0.0, 0.0), (0.00541, -0.08074, -6e-06), (0.0, 0.0, 0.0, 1.0), 16)
(18, b'FR_thigh_joint', 0, 16, 15, 1, 0.0, 0.0, -0.663225115758, 2.96705972839, 23.7, 30.1, b'FR_thigh', (0.0, 1.0, 0.0), (0.00541, -0.08074, -6e-06), (0.0, 0.0, 0.0, 1.0), 16)
(19, b'FR_calf_joint', 0, 17, 16, 1, 0.0, 0.0, -2.72271363311, -0.837758040957, 23.7, 30.1, b'FR_calf', (0.0, 1.0, 0.0), (0.003468, -0.018947, -0.18026399999999998), (0.0, 0.0, 0.0, 1.0), 18)
(20, b'FR_foot_fixed', 4, -1, -1, 0, 0.0, 0.0, 0.0, -1.0, 0.0, 0.0, b'FR_foot', (0.0, 0.0, 0.0), (-0.006286, -0.001307, -0.09073099999999999), (0.0, 0.0, 0.0, 1.0), 19)
(21, b'FL_hip_joint', 0, 18, 17, 1, 0.0, 0.0, -1.0471975512, 1.0471975512, 23.7, 30.1, b'FL_hip', (1.0, 0.0, 0.0), (0.1658, 0.04475, 0.0005), (0.0, 0.0, 0.0, 1.0), 14)
(22, b'FL_hip_fixed', 4, -1, -1, 0, 0.0, 0.0, 0.0, -1.0, 0.0, 0.0, b'FL_thigh_shoulder', (0.0, 0.0, 0.0), (0.00541, 0.08074, -6e-06), (0.0, 0.0, 0.0, 1.0), 21)
(23, b'FL_thigh_joint', 0, 19, 18, 1, 0.0, 0.0, -0.663225115758, 2.96705972839, 23.7, 30.1, b'FL_thigh', (0.0, 1.0, 0.0), (0.00541, 0.08074, -6e-06), (0.0, 0.0, 0.0, 1.0), 21)
(24, b'FL_calf_joint', 0, 20, 19, 1, 0.0, 0.0, -2.72271363311, -0.837758040957, 23.7, 30.1, b'FL_calf', (0.0, 1.0, 0.0), (0.003468, 0.018947, -0.18026399999999998), (0.0, 0.0, 0.0, 1.0), 23)
(25, b'FL_foot_fixed', 4, -1, -1, 0, 0.0, 0.0, 0.0, -1.0, 0.0, 0.0, b'FL_foot', (0.0, 0.0, 0.0), (-0.006286, -0.001307, -0.09073099999999999), (0.0, 0.0, 0.0, 1.0), 24)
(26, b'RR_hip_joint', 0, 21, 20, 1, 0.0, 0.0, -1.0471975512, 1.0471975512, 23.7, 30.1, b'RR_hip', (1.0, 0.0, 0.0), (-0.21039999999999998, -0.04875, 0.0005), (0.0, 0.0, 0.0, 1.0), 14)
(27, b'RR_hip_fixed', 4, -1, -1, 0, 0.0, 0.0, 0.0, -1.0, 0.0, 0.0, b'RR_thigh_shoulder', (0.0, 0.0, 0.0), (-0.00541, -0.08074, -6e-06), (0.0, 0.0, 0.0, 1.0), 26)
(28, b'RR_thigh_joint', 0, 22, 21, 1, 0.0, 0.0, -0.663225115758, 2.96705972839, 23.7, 30.1, b'RR_thigh', (0.0, 1.0, 0.0), (-0.00541, -0.08074, -6e-06), (0.0, 0.0, 0.0, 1.0), 26)
(29, b'RR_calf_joint', 0, 23, 22, 1, 0.0, 0.0, -2.72271363311, -0.837758040957, 23.7, 30.1, b'RR_calf', (0.0, 1.0, 0.0), (0.003468, -0.018947, -0.18026399999999998), (0.0, 0.0, 0.0, 1.0), 28)
(30, b'RR_foot_fixed', 4, -1, -1, 0, 0.0, 0.0, 0.0, -1.0, 0.0, 0.0, b'RR_foot', (0.0, 0.0, 0.0), (-0.006286, -0.001307, -0.09073099999999999), (0.0, 0.0, 0.0, 1.0), 29)
(31, b'RL_hip_joint', 0, 24, 23, 1, 0.0, 0.0, -1.0471975512, 1.0471975512, 23.7, 30.1, b'RL_hip', (1.0, 0.0, 0.0), (-0.21039999999999998, 0.04475, 0.0005), (0.0, 0.0, 0.0, 1.0), 14)
(32, b'RL_hip_fixed', 4, -1, -1, 0, 0.0, 0.0, 0.0, -1.0, 0.0, 0.0, b'RL_thigh_shoulder', (0.0, 0.0, 0.0), (-0.00541, 0.08074, -6e-06), (0.0, 0.0, 0.0, 1.0), 31)
(33, b'RL_thigh_joint', 0, 25, 24, 1, 0.0, 0.0, -0.663225115758, 2.96705972839, 23.7, 30.1, b'RL_thigh', (0.0, 1.0, 0.0), (-0.00541, 0.08074, -6e-06), (0.0, 0.0, 0.0, 1.0), 31)
(34, b'RL_calf_joint', 0, 26, 25, 1, 0.0, 0.0, -2.72271363311, -0.837758040957, 23.7, 30.1, b'RL_calf', (0.0, 1.0, 0.0), (0.003468, 0.018947, -0.18026399999999998), (0.0, 0.0, 0.0, 1.0), 33)
(35, b'RL_foot_fixed', 4, -1, -1, 0, 0.0, 0.0, 0.0, -1.0, 0.0, 0.0, b'RL_foot', (0.0, 0.0, 0.0), (-0.006286, -0.001307, -0.09073099999999999), (0.0, 0.0, 0.0, 1.0), 34)